2 100
9
1
3
111 10 30
222 10 12
333 3 15
2 5 0 80 90 90
2 7 0 90 80 90
2 10 1 10 50 0
2 15 0 30 100 90
2 16 1 50 70 70
3 50 3 0 50 1 2 2 0
2 52 2 90 60 60
3 58 2 2 45 0 20
15
1
5
1252903 4 21
695929221 3 12
290172437 18 22
274136605 6 6
342456212 28 11
2 2 0 7 8458 0
3 4 1 1 0
2 8 1 91 841 841
2 11 2 12 2618 0
2 14 3 79 8224 8224
2 17 4 13 1112 1112
2 19 4 5 2280 2280
3 28 5 3 61 1 7 4 7 2 0 0 0
2 30 1 65 2115 2115
2 34 2 53 8405 8405
2 36 3 73 4098 8224
3 40 4 3 122 2 31 1 29 4 7
2 43 2 76 8872 8872
3 47 3 3 116 2 107 1 0